[
  620, 620, 620, 711, 711, 711, 711, 711, 711, 711, 711,
  711, 711, 711, 711, 711, 711, 711, 711, 711, 844,
  844, 844, 879, 879, 879, 879, 879, 879, 879,
  879, 879, 879, 879, 879, 919, 938, 938, 938, 938,
  938, 938, 938, 938, 938, 950, 950, 950, 950, 950,
  950, 950, 950, 950, 950, 950, 950, 950, 950, 950,
  950, 950, 950, 950, 950, 950, 950, 950, 950, 950,
  950, 950, 950, 950, 950, 950, 950, 950, 950
]
[
  620, 620, 620, 711, 711, 711, 711, 711, 711,
  711, 711, 711, 711, 711, 711, 711, 711, 711, 711,
  711, 844, 844, 844, 879, 879, 879, 879, 879, 879, 879,
  879, 879, 879, 879, 879, 919, 938, 938, 938, 938,
  938, 938, 938, 938, 938, 950, 950, 950, 950, 950,
  950, 950, 950, 950, 950, 950, 950, 950, 950, 950,
  950, 950, 950, 950, 950, 950, 950, 950, 950, 950,
  950, 950, 950, 950, 950, 950, 950, 950, 950
]

1 swap = 620
2 swap = 620